# Blender v2.79 (sub 1) OBJ File: 'dragonfly.blend'
# www.blender.org
mtllib dragonfly.mtl
o Cube.005_Cube.006
v -0.098830 1.908668 1.831191
v -0.098830 1.996296 1.848290
v 0.399194 2.279642 -0.069954
v 0.399194 2.367270 -0.052855
v 0.533178 1.877547 1.990679
v 0.533178 1.965175 2.007778
v 1.031202 2.248521 0.089534
v 1.031202 2.336149 0.106633
vn -0.9685 0.0477 -0.2444
vn 0.2490 0.1855 -0.9506
vn 0.9685 -0.0477 0.2444
vn -0.2490 -0.1855 0.9506
vn 0.0000 -0.9815 -0.1915
vn -0.0000 0.9815 0.1915
usemtl None
s off
f 1//1 2//1 4//1 3//1
f 3//2 4//2 8//2 7//2
f 7//3 8//3 6//3 5//3
f 5//4 6//4 2//4 1//4
f 3//5 7//5 5//5 1//5
f 8//6 4//6 2//6 6//6
o Cube.003
v 0.956350 2.036269 0.363494
v 1.068808 2.258814 0.363494
v 0.956350 2.036269 0.114149
v 1.068808 2.258814 0.114149
v 1.178895 1.923811 0.363494
v 1.291352 2.146356 0.363494
v 1.178895 1.923811 0.114149
v 1.291352 2.146356 0.114149
vn -0.8925 0.4510 0.0000
vn -0.0000 0.0000 -1.0000
vn 0.8925 -0.4510 0.0000
vn 0.0000 0.0000 1.0000
vn -0.4510 -0.8925 0.0000
vn 0.4510 0.8925 0.0000
usemtl None
s off
f 9//7 10//7 12//7 11//7
f 11//8 12//8 16//8 15//8
f 15//9 16//9 14//9 13//9
f 13//10 14//10 10//10 9//10
f 11//11 15//11 13//11 9//11
f 16//12 12//12 10//12 14//12
o Cube
v 0.946671 1.642952 -0.278218
v 0.946671 1.642952 0.278218
v -0.946671 1.642952 0.278218
v -0.946670 1.642952 -0.278218
v 0.946671 2.199388 -0.278218
v 0.946670 2.199388 0.278218
v -0.946671 2.199388 0.278218
v -0.946670 2.199388 -0.278218
vn 0.0000 -1.0000 -0.0000
vn 0.0000 1.0000 0.0000
vn 1.0000 0.0000 0.0000
vn -0.0000 -0.0000 1.0000
vn -1.0000 -0.0000 -0.0000
vn 0.0000 0.0000 -1.0000
usemtl Material
s off
f 17//13 18//13 19//13 20//13
f 21//14 24//14 23//14 22//14
f 17//15 21//15 22//15 18//15
f 18//16 22//16 23//16 19//16
f 19//17 23//17 24//17 20//17
f 21//18 17//18 20//18 24//18
o Cube.001
v -1.052548 2.012823 -0.278218
v -1.052548 2.012823 0.278218
v -2.010282 2.012823 0.278218
v -2.010282 2.012823 -0.278218
v -1.052548 2.267530 -0.278218
v -1.052549 2.267530 0.278218
v -2.010282 2.267530 0.278218
v -2.010282 2.267530 -0.278218
vn 0.0000 -1.0000 -0.0000
vn 0.0000 1.0000 -0.0000
vn 1.0000 -0.0000 0.0000
vn -0.0000 -0.0000 1.0000
vn -1.0000 -0.0000 -0.0000
vn 0.0000 0.0000 -1.0000
usemtl Material.001
s off
f 25//19 26//19 27//19 28//19
f 29//20 32//20 31//20 30//20
f 25//21 29//21 30//21 26//21
f 26//22 30//22 31//22 27//22
f 27//23 31//23 32//23 28//23
f 29//24 25//24 28//24 32//24
o Cube.002
v -2.114583 2.121365 -0.278218
v -2.114583 2.121365 0.278218
v -2.719227 2.121365 0.278218
v -2.719227 2.121365 -0.278218
v -2.114582 2.376072 -0.278218
v -2.114583 2.376072 0.278218
v -2.719228 2.376072 0.278218
v -2.719227 2.376072 -0.278218
vn 0.0000 -1.0000 0.0000
vn 0.0000 1.0000 0.0000
vn 1.0000 -0.0000 0.0000
vn -0.0000 -0.0000 1.0000
vn -1.0000 -0.0000 -0.0000
vn 0.0000 0.0000 -1.0000
usemtl Material.002
s off
f 33//25 34//25 35//25 36//25
f 37//26 40//26 39//26 38//26
f 33//27 37//27 38//27 34//27
f 34//28 38//28 39//28 35//28
f 35//29 39//29 40//29 36//29
f 37//30 33//30 36//30 40//30
o Cube.004_Cube.005
v 0.956350 2.036269 -0.061056
v 1.068808 2.258814 -0.061056
v 0.956350 2.036269 -0.310400
v 1.068808 2.258814 -0.310400
v 1.178895 1.923811 -0.061056
v 1.291352 2.146356 -0.061056
v 1.178895 1.923811 -0.310400
v 1.291352 2.146356 -0.310400
vn -0.8925 0.4510 0.0000
vn -0.0000 0.0000 -1.0000
vn 0.8925 -0.4510 0.0000
vn 0.0000 0.0000 1.0000
vn -0.4510 -0.8925 0.0000
vn 0.4510 0.8925 0.0000
usemtl None
s off
f 41//31 42//31 44//31 43//31
f 43//32 44//32 48//32 47//32
f 47//33 48//33 46//33 45//33
f 45//34 46//34 42//34 41//34
f 43//35 47//35 45//35 41//35
f 48//36 44//36 42//36 46//36
o Cube.006_Cube.007
v -1.230327 1.908668 1.681975
v -1.234174 1.996296 1.698636
v -0.317369 2.279642 -0.058394
v -0.321216 2.367270 -0.041734
v -0.650401 1.877547 1.979558
v -0.654247 1.965175 1.996218
v 0.262557 2.248521 0.239188
v 0.258711 2.336149 0.255849
vn -0.8887 0.0477 -0.4560
vn 0.4565 0.1855 -0.8702
vn 0.8887 -0.0477 0.4560
vn -0.4565 -0.1855 0.8702
vn 0.0431 -0.9815 -0.1866
vn -0.0431 0.9815 0.1866
usemtl None
s off
f 49//37 50//37 52//37 51//37
f 51//38 52//38 56//38 55//38
f 55//39 56//39 54//39 53//39
f 53//40 54//40 50//40 49//40
f 51//41 55//41 53//41 49//41
f 56//42 52//42 50//42 54//42
o Cube.007_Cube.008
v 0.456779 2.279645 -0.026138
v 0.456779 2.367272 -0.043237
v -0.041246 1.908665 -1.927282
v -0.041246 1.996293 -1.944381
v 1.088787 2.248523 -0.185627
v 1.088786 2.336151 -0.202726
v 0.590762 1.877544 -2.086770
v 0.590762 1.965172 -2.103869
vn -0.9685 0.0477 0.2444
vn -0.2490 -0.1855 -0.9506
vn 0.9685 -0.0477 -0.2444
vn 0.2490 0.1855 0.9506
vn 0.0000 -0.9815 0.1915
vn -0.0000 0.9815 -0.1915
usemtl None
s off
f 57//43 58//43 60//43 59//43
f 59//44 60//44 64//44 63//44
f 63//45 64//45 62//45 61//45
f 61//46 62//46 58//46 57//46
f 59//47 63//47 61//47 57//47
f 64//48 60//48 58//48 62//48
o Cube.008_Cube.009
v -0.259786 2.279645 -0.037698
v -0.263633 2.367272 -0.054358
v -1.172741 1.908665 -1.778067
v -1.176588 1.996293 -1.794728
v 0.320141 2.248523 -0.335279
v 0.316294 2.336151 -0.351940
v -0.592814 1.877544 -2.075649
v -0.596661 1.965172 -2.092310
vn -0.8887 0.0477 0.4560
vn -0.4565 -0.1855 -0.8702
vn 0.8887 -0.0477 -0.4560
vn 0.4565 0.1855 0.8702
vn 0.0431 -0.9815 0.1866
vn -0.0431 0.9815 -0.1866
usemtl None
s off
f 65//49 66//49 68//49 67//49
f 67//50 68//50 72//50 71//50
f 71//51 72//51 70//51 69//51
f 69//52 70//52 66//52 65//52
f 67//53 71//53 69//53 65//53
f 72//54 68//54 66//54 70//54
